0 1144
1145 1205
1206 1240
1241 1373
1374 1436
1437 1533
1534 1795
1796 1900
1901 1921
1922 1934
1935 1972
1973 1991
1992 2091
2092 2160
2161 2166
2167 2286
2287 2302
2303 2334
2335 2529
2530 2567
2568 2592
2593 2646
2647 2690
2691 2692
2693 2815
2816 2895
2896 2930
2931 2969
2970 2995
2996 3024
3025 3096
3097 3103
3104 3172
3174 3206
3207 3237
3238 3306
3307 3356
3357 3416
3417 3598
3599 3742
3743 3799
3800 3983
3984 4053
4054 4325
4326 4484
4485 4539
4540 4609
4610 4809
4810 4901
4902 5000
5001 5221
5222 5261
5262 5343
5344 5380
5381 5441
5442 5539
5540 5663
5664 5700
5701 6016
6017 6185
6186 6215
6216 6310
6311 6344
6345 6378
6379 6408
6409 6461
6462 6527
6528 6671
6672 6813
6814 6984
6985 7013
7014 7059
7060 7106
7107 7344
7345 7600
7601 7892
7893 8206
8207 8329
8330 8498
8499 8523
8524 8586
8587 8696
8697 8930
8931 9186
9187 9251
9252 9304
9305 9333
9334 9413
9414 9482
9483 9647
9648 9690
9691 9744
9745 9777
9778 9921
9922 10099
10100 10167
10168 10212
10213 10270
10271 10410
10411 10478
10479 10870
10871 11019
11020 11142
11143 11480
11481 11575
11576 11602
11603 11642
11643 11672
11673 11739
11740 11764
11765 11800
11801 11894
11895 11976
11977 12006
12007 12081
12082 12159
12160 12182
12183 12251
12252 12309
12310 12366
12367 12406
12407 12477
12478 12513
12514 12546
12547 12622
12623 12648
12649 12690
12691 12741
12742 12889
12890 12931
12932 13063
13064 13549
13550 13616
13617 14026
14027 14237
14238 14334
14335 14806
14807 15131
15132 15237
15238 15389
15390 15878
15879 15935
15936 15995
15996 16037
16038 16098
16099 16139
16140 16215
16216 16369
16370 16505
16506 16527
16528 16551
16552 16611
16612 16809
16810 16846
16847 16899
16900 16985
16986 17011
17012 17029
17030 17063
17064 17078
17079 17137
17138 17163
17164 17210
17211 17262
17263 17298
17299 17318
17319 17345
17346 17567
17568 17609
17610 17679
17680 17710
17711 17797
17798 17832
17833 17986
17987 18168
18169 18248
18249 18369
18370 18509
18510 18562
18563 18631
18632 18706
18707 18872
18873 18887
18888 18910
18911 18957
18958 19017
19018 19117
19118 19294
19295 19424
19425 19517
19518 19564
19565 19603
19604 19704
19705 19752
19753 19815
19816 19865
19866 19941
19942 20042
20043 20137
20138 20155
20156 20174
20175 20201
20202 20400
20401 20525
20526 20577
20578 20700
20701 20870
20871 20891
20892 20920
20921 20995
20996 21015
21016 21036
21037 21058
21059 21111
21112 21137
21138 21163
21164 21267
21268 21297
21298 21319
21320 21745
21746 21794
21795 21873
21874 21932
21933 21982
21983 22160
22161 22186
22187 22372
22373 22387
22388 22406
22407 22430
22431 22495
22496 22538
22539 22582
22583 22617
22618 22665
22666 22732
22733 22784
22785 22824
22825 22876
22877 22897
22898 22938
22939 23366
23367 23412
23413 23603
23604 23720
23721 24231
24232 24260
24261 24296
24297 24363
24364 24421
24422 24559
24560 24593
24594 24638
24639 24697
24698 24733
24734 24768
24769 24899
24900 24988
24989 25067
25068 25104
25105 25160
25161 25181
25182 25215
25216 25279
25280 25394
25395 25431
25432 25497
25498 25597
25598 25659
25660 25703
25704 25745
25746 25798
25799 25923
25924 26038
26039 26176
26177 26259
26260 26324
26325 26489
26490 26527
26528 26707
26708 26808
26809 26981
26982 27036
27037 27141
27142 27165
27166 27182
27183 27336
27337 27381
27382 27472
27473 27808
27809 27814
27815 27867
27868 27917
27918 28056
28057 28117
28118 28319
28320 28502
28503 28586
28587 28644
28645 28816
28817 29004
29005 29106
29107 29213
29214 29257
29258 29287
29288 29333
29334 29394
29395 29422
29423 29490
29491 29569
29570 30048
30049 30090
30091 30153
30154 30213
30214 30289
30290 30433
30434 30510
30511 30601
30602 30673
30674 30724
30725 30858
30859 31011
31012 31031
31032 31106
31107 31687
31688 31749
31750 31784
31785 31851
31852 31917
31918 31988
31989 32019
32020 32164
32165 32246
32247 32475
32476 32552
32553 32645
32646 32661
32662 32750
32751 32803
32804 32884
32885 33023
33024 33077
33078 33290
33291 33419
33420 33531
33532 33736
33737 33887
33888 34024
34025 34109
34110 34186
34187 34213
34214 34534
34535 34691
34692 34759
34760 34866
34867 34906
34907 34940
34941 35005
35006 35080
35081 35129
35130 35155
35156 35360
35361 35389
35390 35436
35437 35670
35671 35703
35704 35743
35744 35788
35789 35805
35806 35836
35837 35863
35864 35893
35894 35941
35942 36155
36156 36234
36235 36307
36308 36404
36405 36450
36451 36475
36476 36599
36600 36674
36675 36705
36706 36747
36748 36818
36819 36879
36880 36898
36899 36923
36924 36961
36962 36974
36975 37168
37169 37228
37229 37253
37254 37391
37392 37455
37456 37474
37475 37877
37878 37994
37995 38636
38637 38817
38818 38881
38882 38955
38956 39118
39119 39357
39358 39403
39404 39448
39449 39603
39604 39685
39686 39726
39727 39792
39793 39865
39866 39912
39913 39992
39993 40257
40258 40292
40293 40317
40318 40368
40369 40387
40388 40623
40624 40662
40663 40725
40726 40834
40835 40884
40885 40934
40935 41052
41053 41181
41182 41243
41244 41262
41263 41563
41564 41599
41600 41653
41654 41724
41725 41826
41827 41930
41931 42002
42003 42302
42303 42364
42365 42517
42518 42635
42636 42731
42732 42898
42899 43018
43019 43118
43119 43207
43208 43411
43412 43644
43645 44002
44003 44144
44145 44247
44248 44566
44567 44626
44627 44795
44796 44926
44927 45039
45040 45067
45068 45099
45100 45147
45148 45177
45178 45228
45229 45335
45336 45470
45471 45560
45561 45714
45715 45789
45790 45858
45859 45895
45896 45910
45911 45934
45935 45953
45954 45981
45982 46077
46078 46104
46105 46161
46162 46324
46325 46390
46391 46430
46431 46461
46462 46472
46473 46535
46536 46553
46554 46586
46587 46659
46660 46704
46705 46719
46720 46751
46752 46876
46877 47032
47033 47094
47095 47143
47144 47189
47190 47213
47214 47263
47264 47327
47328 47443
47444 47531
47532 47544
47545 47579
47580 47616
47617 47671
47672 47839
47840 47901
47902 47975
47976 48207
48208 48254
48255 48361
48362 48424
48425 48473
48474 48492
48493 48518
48519 48545
48546 48596
48597 48744
48746 48768
48769 48792
48793 48812
48813 48851
48852 48904
48905 48938
48939 49030
49031 49121
49122 49148
49149 49159
49160 49225
49226 49259
49260 49284
49285 49456
49457 49524
49525 49680
49681 49770
49771 49795
49796 49882
49883 49950
49951 49989
49990 50023
50024 50040
50041 50081
50082 50169
50170 50371
50372 50422
50423 50483
50484 50568
50569 50749
50750 50798
50799 50846
50847 50932
50933 51013
51014 51171
51172 51273
51274 51370
51371 51634
51635 51668
51669 51707
51708 51777
51778 51874
51875 51899
51900 52049
52050 52097
52098 52241
52242 52392
52393 52522
52523 52536
52537 52557
52558 52579
52580 52614
52615 52629
52630 52647
52648 52675
52676 52700
52701 52710
52711 52895
52896 53007
53008 53115
53116 53165
53166 53239
53240 53291
53292 53468
53469 53483
53484 53495
53496 53657
53658 53682
53683 53708
53709 53861
53862 53935
53936 53951
53952 53960
53961 53973
53974 54074
54075 54223
54224 54269
54270 54287
54288 54309
54310 54355
54356 54462
54463 54542
54543 54698
54699 54825
54826 54869
54870 54885
54886 54903
54904 54932
54933 54954
54955 54977
54978 55047
55048 55362
55363 55517
55518 55888
55889 55987
55988 56043
56044 56089
56090 56198
56199 56277
56278 56326
56327 56361
56362 56419
56420 56494
56495 56558
56559 56766
56767 56863
56864 56956
56957 57040
57041 57103
57104 57177
57178 57225
57226 57257
57258 57358
57359 57459
57460 57541
57542 57599
57600 57639
57640 57707
57708 57755
57756 57830
57831 57849
57850 57877
57878 57964
57965 58132
58133 58292
58293 58399
58401 58578
58579 58602
58603 58665
58666 58759
58760 58782
58783 58814
58815 58868
58869 58899
58900 58931
58932 58974
58975 59022
59023 59065
59066 59095
59096 59211
59213 59261
59262 59280
59281 59337
59338 59469
59470 59518
59519 59609
59611 59683
59684 59738
59739 59793
59794 59867
59868 59982
59983 60006
60007 60084
60085 60141
60142 60224
60225 60356
60357 60954
60955 61139
61140 61251
61252 61334
61335 61357
61358 61475
61476 61617
61618 61791
61792 61984
61985 62181
62182 62238
62239 62821
62822 62975
62976 63062
63063 63102
63103 63138
63139 63162
63163 63206
63207 63228
63229 63378
63379 63427
63428 63473
63474 63727
63728 63766
63767 63982
63983 64091
64092 64333
64334 64420
64421 64779
64780 64860
64861 64904
64905 65092
65093 65147
65148 65479
65480 65575
65576 65926
65927 65969
65970 66050
66051 66123
66124 66285
66286 66360
66361 66388
66389 66426
66427 66470
66471 66536
66537 66654
66655 66713
66714 66769
66770 66832
66833 67042
67043 67513
67514 67629
67630 67657
67658 67858
67859 67930
67931 68032
68033 68061
68062 68099
68100 68131
68132 68283
68284 68326
68327 68617
68618 68649
68650 68722
68723 68907
68908 68992
68993 69026
69027 69092
69093 69111
69112 69133
69134 69221
69222 69308
69309 69377
69378 69436
69437 69483
69484 69518
69519 69551
69552 69632
69633 69698
69699 69854
69855 69928
69929 70115
70116 70281
70282 70396
70397 70502
70503 70580
70581 70676
70677 70714
70715 71076
71077 71277
71278 71458
71459 71563
71564 71641
71642 71704
71705 71775
71776 71789
71790 72062
72063 72216
72217 72366
72367 72539
72540 72710
72711 72776
72777 72843
72844 72877
72878 72906
72907 72930
72931 72946
72947 72967
72968 72979
72980 73004
73005 73088
73089 73127
73128 73258
73259 73326
73327 73376
73377 73591
73592 73635
73636 73677
73678 73719
73720 73906
73907 74328
74329 74532
74533 74613
74614 74637
74638 74680
74681 74724
74725 74779
74780 74825
74826 74899
74900 74990
74991 75058
75059 75089
75090 75210
75211 75261
75262 75430
75431 75503
75504 75603
75604 75783
75784 75991
75992 76098
76099 76140
76141 76310
76311 76338
76339 76387
76388 76461
76462 76592
76593 76643
76644 76720
76721 77049
77050 77120
77121 77393
77394 77563
77564 77801
77802 77967
77968 78086
78087 78360
78362 78471
78472 78501
78502 78504
78505 78535
78536 78568
78569 78625
78626 78647
78648 78730
78731 78804
78805 78832
78833 78957
78958 78982
78984 79051
79052 79141
79142 79382
79383 79497
79498 79630
79631 79701
79702 79854
79855 80013
80014 80066
80067 80132
80133 80184
80185 80260
80261 80703
80704 80800
80801 80859
80860 80889
80890 80941
80942 80952
80953 80965
80966 80972
80973 81238
81240 81347
81348 81396
81397 81486
81487 81599
81600 81723
81724 81763
81764 81816
81817 81912
81913 81935
81936 81979
81980 82008
82009 82046
82047 82083
82084 82128
82129 82177
82178 82200
82201 82225
82226 82255
82256 82309
82310 82381
82382 82411
82412 82503
82504 82548
82549 82583
82584 82603
82604 82637
82638 82689
82690 82742
82743 82759
82760 82780
82781 82841
82842 82865
82866 82945
82946 82963
82964 83070
83071 83093
83094 83106
83107 83123
83124 83137
83138 83147
83148 83184
83185 83208
83209 83227
83228 83262
83263 83286
83287 83331
83332 83399
83400 83530
83531 83599
83600 83635
83636 83649
83650 83916
83917 83958
83959 84044
84045 84091
84092 84135
84136 84221
84222 84278
84279 84334
84335 84391
84392 84447
84448 84805
84806 84947
84948 84994
84995 85036
85037 85069
85070 85099
85100 85128
85129 85168
85169 85213
85214 85277
85278 85295
85296 85309
85310 85322
85323 85361
85362 85401
85402 85445
85446 85493
85494 85512
85513 85573
85574 85612
85613 85657
85658 85702
85703 85829
85830 85858
85859 85893
85894 86011
86012 86062
86063 86082
86083 86336
86337 86433
86434 86457
86458 86483
86484 86528
86529 86541
86542 86587
86588 86691
86692 86727
86728 86743
86744 86813
86814 86856
86857 86883
86884 86914
86915 86965
86966 86967
86968 86992
86993 87013
87014 87073
87074 87106
87107 87133
87134 87175
87176 87208
87209 87326
87327 87405
87406 87438
87439 87470
87471 87546
87547 87629
87630 87645
87646 87669
87670 87684
87685 87768
87769 87794
87795 87819
87820 87893
87894 87919
87920 87944
87945 88000
88001 88032
88033 88082
88083 88105
88106 88166
88167 88258
88259 88336
88337 88367
88368 88396
88397 88415
88416 88435
88436 88486
88487 88513
88514 88588
88589 88739
88740 88773
88774 88799
88800 88860
88861 88882
88883 88918
88919 88936
88937 88967
88968 89006
89007 89056
89057 89079
89080 89140
89141 89206
89207 89255
89256 89388
89389 89512
89513 89629
89630 89845
89846 89868
89869 89914
89915 89934
89935 90062
90063 90197
90198 90294
90295 90600
90601 90736
90737 90774
90775 90919
90920 91002
91003 91038
91039 91211
91212 91264
91265 91326
91327 91397
91398 91508
91509 91572
91573 91615
91616 91643
91644 91723
91724 91752
91753 91794
91795 91822
91823 91887
91888 91933
91934 91959
91960 92007
92008 92048
92049 92137
92138 92174
92175 92221
92222 92238
92239 92268
92269 92295
92296 92353
92354 92390
92391 92436
92437 92523
92524 92643
92644 92742
92743 92797
92798 92988
92989 93076
93077 93120
93121 93289
93290 93489
93490 93536
93537 93815
93816 93848
93849 93970
93971 93996
93997 94023
94024 94055
94056 94119
94120 94138
94139 94361
94362 94432
94433 94486
94487 94925
94926 95052
95053 95099
95100 95234
95235 95260
95261 95456
95457 95526
95527 95568
95569 95599
95600 95686
95687 95803
95804 95870
95871 95928
95929 95972
95973 96068
96069 96167
96168 96211
96212 96256
96257 96558
96559 96628
96629 96718
96719 97148
97149 97706
97707 97924
97925 97993
97994 98086
98087 98147
98148 98208
98209 98256
98257 98403
98404 98559
98560 98792
98793 98948
98949 99212
99213 99255
99256 99387
99388 99451
99452 99590
99591 99878
99879 99997
99998 100143
100144 100196
100197 100313
100314 100354
100355 100403
100404 100528
100529 100602
100603 100677
100678 100789
100790 100866
100867 100922
100923 101002
101003 101238
101239 101298
101299 101411
101412 101464
101465 101579
101580 101604
101605 101622
101623 101649
101650 101660
101661 101666
101667 101684
101685 101703
101704 101898
101899 101956
101957 102038
102039 102091
102092 102216
102217 102249
102250 102318
102319 102387
102388 102457
102458 102493
102494 102557
102558 102624
102625 102728
102729 102941
102942 102967
102968 103028
103029 103054
103055 103128
103129 103246
103247 103281
103282 103338
103339 103372
103373 103398
103399 103428
103429 103450
103451 103500
103501 103526
103527 103543
103544 103560
103561 103617
103618 103646
103647 103676
103677 103773
103774 103809
103810 104017
104018 104041
104042 104088
104089 104186
104187 104209
104210 104291
104292 104311
104312 104335
104336 104385
104386 104453
104454 104826
104827 104851
104852 104876
104877 105024
105025 105088
105089 105272
105273 105327
105328 105731
105732 105774
105775 105816
105817 105921
105922 105934
105935 106001
106002 106042
106043 106088
106089 106107
106108 106146
106147 106180
106181 106337
106338 106414
106415 106496
106497 106566
106567 106748
106749 106793
106794 106963
106964 107184
107185 107375
107376 107395
107396 107411
107412 107473
107474 107509
107510 107615
107616 107673
107674 107796
107797 107815
107816 107836
107837 107849
107850 107895
107896 107904
107905 107936
107937 107961
107962 108024
108025 108038
108039 108135
108136 108244
108245 108283
108284 108454
108455 108470
108471 108614
108615 108703
108704 108734
108735 108778
108779 108810
108811 108834
108835 108858
108859 108900
108901 108953
108954 109004
109005 109029
109030 109055
109056 109099
109100 109138
109139 109182
109183 109197
109198 109213
109214 109287
109288 109322
109323 109340
109341 109415
109416 109472
109473 109493
109494 109531
109532 109552
109553 109638
109639 109667
109668 109744
109745 109783
109784 109829
109830 109847
109848 109881
109882 109895
109896 109916
109917 109932
109933 109948
109949 109957
109958 110017
110018 110074
110075 110092
110093 110115
110116 110160
110161 110203
110204 110228
110229 110310
110311 110360
110361 110423
110424 110454
110455 110480
110481 110497
110498 110557
110558 110576
110577 110602
110603 110639
110640 110704
110705 110784
110785 110835
110836 110898
110899 111154
111155 111233
111234 111549
111550 111709
111710 111753
111754 111828
111829 111879
111880 111942
111943 111993
111994 112091
112092 112156
112157 112199
112200 112320
112321 112362
112363 112402
112403 112498
112499 112540
112541 112590
112591 112662
112663 112690
112691 112708
112709 112720
112721 112802
112803 112816
112817 112857
112858 112883
112884 112889
112890 112966
112967 112984
112985 112994
112995 113002
113003 113041
113042 113059
113060 113157
113158 113283
113284 113307
113308 113396
113397 113428
113429 113444
113445 113460
113461 113474
113475 113504
113505 113542
113543 113585
113586 113616
113617 113665
113666 113737
113738 113794
113795 113846
113847 113953
113954 114284
114285 114324
114325 114371
114372 114448
114449 114509
114510 114537
114538 114594
114595 114630
114631 114769
114770 114787
114788 114828
114829 115286
115287 115345
115346 115475
115476 115623
115624 115652
115653 115731
115732 115803
115804 115867
115868 115999
116000 116077
116078 116199
116200 116243
116244 116300
116301 116430
116431 116509
116510 116560
116561 116598
116599 116692
116693 116816
116817 116966
116967 117010
117011 117094
117095 117184
117185 117217
117218 117237
117238 117271
117272 117329
117330 117493
117494 117618
117619 117661
117662 117858
117859 117947
117948 118468
118469 118640
118641 118952
118953 119051
119052 119139
119141 120059
120060 120356
120358 120827
120828 121156
121157 125796
125798 132156
132158 132252
132254 132325
132326 132574
