0 492
493 763
764 993
994 1024
1026 1173
1174 1470
1471 3018
3019 3244
3245 5041
5042 5468
5469 5563
5564 5597
5598 5655
5656 5768
5769 5856
5857 6102
6103 6151
6152 6219
6220 6283
6284 6323
6324 6464
6465 6482
6483 6497
6498 6506
6507 6593
6594 6719
6720 6926
6927 6971
6972 7014
7015 7110
7111 7133
7134 7266
7267 7336
7337 7531
7532 7870
7871 7957
7958 8074
8075 8115
8116 8163
8164 8236
8237 8330
8331 8404
8405 8498
8499 8521
8522 8611
8612 8683
8684 8742
8743 8786
8787 8828
8829 8924
8925 8994
8995 9337
9338 9508
9509 9581
9582 9689
9690 9736
9737 9790
9791 9813
9814 9853
9854 9950
9951 10012
10013 10051
10052 10135
10136 10155
10156 10173
10174 10188
10189 10201
10202 10212
10213 10280
10281 10490
10491 10524
10525 10581
10582 10654
10655 10684
10685 10706
10707 10755
10756 10781
10782 10879
10880 10912
10913 10966
10967 11007
11008 11092
11093 11179
11180 11234
11235 11291
11292 11338
11339 11375
11376 11425
11426 11672
11673 11733
11734 11766
11767 11815
11816 11975
11976 12127
12128 12158
12159 12194
12195 12295
12296 12513
12514 12566
12567 12611
12612 12689
12690 12776
12777 12822
12823 13057
13058 13329
13330 13379
13380 13458
13459 13492
13493 13637
13638 13693
13694 13736
13737 13804
13805 13845
13846 13968
13969 14006
14007 14056
14057 14141
14142 14231
14232 14233
14234 14244
14245 14312
14313 14400
14401 14443
14444 14446
14447 14454
14455 14489
14490 14513
14514 14534
14535 14576
14577 14579
14580 14625
14626 14665
14666 14749
14750 14846
14847 14897
14898 14948
14949 14987
14988 15016
15017 15031
15032 15073
15074 15134
15135 15185
15186 15258
15259 15296
15297 15622
15623 15694
15695 15823
15824 15920
15921 16017
16018 16059
16060 16120
16121 16170
16171 16245
16246 16304
16305 16333
16334 16659
16660 16758
16759 16819
16820 16929
16930 17010
17011 17046
17047 17177
17178 17256
17257 17327
17328 17388
17389 17467
17468 17593
17594 17643
17644 17762
17763 17843
17844 17948
17949 18096
18097 18157
18158 18800
18801 19026
19027 19755
19756 19904
19905 19935
19936 20023
20024 20088
20089 20149
20150 20198
20199 20313
20314 20627
20628 20714
20715 21051
21052 21089
21090 21177
21178 21228
21229 21242
21243 21579
21580 21628
21629 22091
22092 22227
22228 22309
22310 22375
22376 22401
22402 22462
22463 22639
22640 22714
22715 22758
22759 22897
22898 23003
23004 23048
23049 23171
23172 23230
23231 23400
23401 23456
23457 23511
23512 23601
23602 23640
23641 23794
23795 23849
23850 23903
23904 23965
23966 24052
24053 24140
24141 24207
24208 24253
24254 24391
24392 24435
24436 24517
24518 24574
24575 24598
24599 24613
24614 24649
24650 24683
24684 24715
24716 24745
24746 24828
24829 24850
24851 24891
24892 25067
25068 25178
25179 25242
25243 25284
25285 25316
25317 25341
25342 25366
25367 25419
25420 25441
25442 25463
25464 25515
25516 25540
25541 25821
25822 25928
25929 26051
26052 26376
26377 26580
26581 26692
26693 26776
26777 27047
27048 27120
27121 27197
27198 27335
27336 27511
27512 27613
27614 27709
27710 27812
27813 27900
27901 27963
27964 28002
28003 28032
28033 28062
28063 28183
28184 28258
28259 28326
28327 28417
28418 28637
28638 28688
28689 28725
28726 28783
28784 28880
28881 28939
28940 29013
29014 29207
29208 29277
29278 29340
29341 29429
29430 29655
29656 29709
29710 29793
29794 29901
29902 30063
30064 30143
30144 30495
30496 30551
30552 30741
30742 30746
30747 30782
30783 30830
30831 30916
30917 30944
30945 31050
31051 31152
31153 31186
31187 31289
31290 31324
31325 31363
31364 31494
31495 31655
31656 31712
31713 31736
31737 31756
31757 31784
31785 31797
31798 31836
31837 31861
31862 31872
31873 32066
32067 32181
32182 32307
32308 32633
32634 32885
32886 32930
32931 32998
32999 33045
33046 33063
33064 33090
33091 33145
33146 33180
33181 33205
33206 33211
33212 33224
33225 33264
33265 33286
33287 33322
33323 33443
33444 33489
33490 33584
33585 33634
33635 33772
33773 33896
33897 33926
33927 33959
33960 33974
33975 33998
33999 34396
34397 34402
34403 34481
34482 34501
34502 34558
34559 34592
34593 34628
34629 34690
34691 34716
34717 34756
34757 34790
34791 34814
34815 34832
34833 34862
34863 35017
35018 35033
35034 35047
35048 35071
35072 35084
35085 35105
35106 35130
35131 35164
35165 35199
35200 35226
35227 35243
35244 35256
35257 35270
35271 35376
35377 35397
35398 35518
35519 35582
35583 35617
35618 35654
35655 35673
35674 35685
35686 35722
35723 35810
35811 35837
35838 35894
35895 35942
35943 35985
35986 36009
36010 36055
36056 36088
36089 36151
36152 36181
36182 36243
36244 36413
36414 36541
36542 36618
36619 36694
36695 36783
36784 36857
36858 36902
36903 36941
36942 36978
36979 37019
37020 37072
37073 37133
37134 37340
37341 37421
37422 37819
37820 37845
37846 37884
37885 37934
37935 37964
37965 37991
37992 38015
38016 38114
38115 38151
38152 38187
38188 38245
38246 38332
38333 38381
38382 38414
38415 38439
38440 38499
38500 38551
38552 38609
38610 38645
38646 38673
38674 38800
38801 38872
38873 38920
38921 39047
39048 39095
39096 39133
39134 39214
39215 39274
39275 39323
39324 39355
39356 39381
39382 39402
39403 39426
39427 39450
39451 39494
39495 39566
39567 39608
39609 39704
39705 39856
39857 39876
39877 39914
39915 39947
39948 39975
39976 39991
39992 40002
40003 40063
40064 40076
40077 40090
40091 40113
40114 40126
40127 40144
40145 40394
40395 40793
40794 40877
40878 40954
40955 41094
41095 41186
41187 41584
41585 41730
41731 41872
41873 41964
41965 42144
42145 42228
42229 42318
42319 42371
42372 42470
42471 42805
42806 43194
43195 43265
43266 43456
43457 43483
43484 43564
43565 43631
43632 43712
43713 43771
43772 43837
43838 44109
44110 44285
44286 44605
44606 44791
44792 44847
44848 45096
45097 45162
45163 45254
45255 45309
45310 45356
45357 45417
45418 45546
45547 45607
45608 45926
45927 46151
46152 46232
46233 46380
46381 46414
46415 46498
46499 46534
46535 46607
46608 46738
46739 47027
47029 47038
47039 47065
47066 47198
47200 47433
47435 47484
47486 47600
47602 47629
47631 47680
47682 47771
47772 47851
47852 47887
47888 47898
47899 47924
47925 47935
47936 47973
47974 47995
47996 48000
48001 48045
48046 48059
48060 48067
48068 48082
48083 48143
48144 48171
48172 48504
48505 48598
48599 48668
48669 48770
48771 48817
48818 48885
48886 48943
48944 49032
49033 49223
49224 49375
49376 49444
49445 49496
49497 49550
49551 49688
49689 49752
49753 49943
49944 50060
50061 50140
50141 50213
50214 50314
50315 50374
50375 50481
50482 50543
50544 50763
50764 50881
50882 51118
51119 51221
51222 51282
51283 51425
51426 51578
51579 51646
51647 51701
51702 51787
51788 51895
51896 51979
51980 52096
52097 52178
52179 52242
52243 52366
52367 52577
52578 52645
52646 52696
52697 52780
52781 52899
52900 52924
52925 52961
52962 53006
53007 53027
53028 53047
53048 53070
53071 53102
53103 53133
53134 53163
53164 53212
53213 53257
53258 53313
53314 53348
53349 53385
53386 53429
53430 53465
53466 53530
53531 53578
53579 53602
53603 53680
53681 53741
53742 53830
53831 53872
53873 53948
53949 54003
54004 54062
54063 54170
54171 54235
54236 54285
54286 54799
54800 54840
54841 54997
54998 55037
55038 55084
55085 55224
55225 55273
55274 55393
55394 55429
55430 55622
55623 55859
55860 56035
56036 56118
56119 56223
56224 56283
56284 56314
56315 56339
56340 56370
56371 56396
56397 56435
56436 56470
56471 56490
56491 56522
56523 56554
56555 56580
56581 56598
56599 56636
56637 56733
56734 56794
56795 56886
56887 56931
56932 56996
56997 57042
57043 57070
57071 57103
57104 57150
57151 57191
57192 57224
57225 57247
57248 57318
57319 57367
57368 57418
57419 57482
57483 57534
57535 57592
57593 57613
57614 57629
57630 57661
57662 57697
57698 57732
57733 57748
57749 57862
57863 57885
57886 57984
57985 58032
58033 58073
58074 58085
58086 58107
58108 58175
58176 58205
58206 58256
58257 58297
58298 58344
58345 58381
58382 58421
58422 58434
58435 58456
58457 58470
58471 58506
58507 58527
58528 58562
58563 58616
58617 58624
58625 58643
58644 58731
58732 58757
58758 58773
58774 58782
58783 58864
58865 58911
58912 58922
58923 58947
58948 58965
58966 58983
58984 59024
59025 59055
59056 59141
59142 59160
59161 59171
59172 59190
59191 59199
59200 59213
59214 59246
59247 59260
59261 59273
59274 59288
59289 59298
59299 59316
59317 59329
59330 59352
59353 59385
59386 59394
59395 59411
59412 59473
59474 59522
59523 59557
59558 59949
59950 60012
60013 60057
60058 60600
60601 60685
60686 60775
60776 60869
60870 60924
60925 60959
60960 61072
61073 61097
61098 61116
61117 61156
61157 61237
61238 61288
61289 61340
61341 61357
61358 61492
61493 61580
61581 61696
61697 61759
61760 61904
61905 62190
62191 62233
62234 62342
62343 62427
62428 62472
62473 62507
62508 62607
62608 62801
62802 62903
62904 63218
63219 63304
63305 63387
63388 63552
63553 63651
63652 63735
63736 63787
63788 64182
64183 64213
64214 64255
64256 65287
65288 65347
65348 65375
65376 65431
65432 65440
65441 65484
65485 66065
66066 66404
66405 66440
66441 66533
66534 66581
66582 66804
66805 66952
66953 66983
66984 67027
67028 67120
67121 67160
67161 67184
67185 67204
67205 67257
67258 67346
67347 67364
67365 67380
67381 67490
67491 67511
67512 67540
67541 67626
67627 67684
67685 67695
67696 67726
67727 67771
67772 67848
67849 67967
67968 68200
68201 68371
68372 68418
68419 68466
68467 68596
68597 68695
68696 68706
68707 68729
68730 68768
68769 68830
68831 68845
68846 68875
68876 68900
68901 68934
68935 68964
68965 69006
69007 69093
69094 69122
69123 69310
69311 69707
69708 69748
69749 69793
69794 69812
69813 69842
69843 69851
69852 69871
69872 69893
69894 69952
69953 69973
69974 70008
70009 70103
70104 70184
70185 70269
70270 70331
70332 70334
70335 70384
70385 70426
70427 72239
72240 72296
72297 72381
72382 72478
72479 72560
72561 72627
72628 72691
72692 72728
72729 72884
72885 72921
72922 72940
72941 72979
72980 72997
72998 73030
73031 73066
73068 73126
73127 73395
73396 73457
73458 73499
73500 73692
73693 73739
73740 73802
73803 73871
73872 74063
74064 74232
74233 74312
74313 74451
74452 74520
74521 74585
74586 74646
74647 74706
74709 75035
75036 75155
75156 75368
75370 75458
75459 77668
77669 77818
77819 77920
77921 78043
78044 78212
78213 78472
78473 78534
78535 78604
78605 78666
78667 78727
78728 78822
78824 78922
78923 79097
79098 79192
79193 79343
79344 79517
79518 79587
79588 79714
79715 79757
79758 79786
79787 79823
79824 79956
79957 80010
80011 80329
80330 80344
80345 80536
80537 80632
80633 80684
80685 80709
80710 80801
80802 80824
80825 80881
80882 81007
81008 81104
81105 81128
81129 81199
81200 81242
81243 81298
81299 81402
81403 81514
81515 81548
81549 81640
81641 81787
81788 81849
81850 82030
82031 82077
82078 82220
82221 82502
82503 82710
82711 82763
82764 82868
82869 82901
82902 82929
82930 82956
82957 83059
83060 83132
83133 83193
83194 83260
83261 83357
83358 83437
83438 83477
83478 83578
83579 83734
83735 83796
83797 83871
83872 83955
83956 83999
84000 84110
84111 84262
84263 84373
84374 84456
84457 84522
84523 84599
84600 84640
84641 84693
84694 84790
84791 84809
84810 84857
84858 84951
84952 85097
85098 85262
85263 85458
85459 85648
85649 85722
85723 85759
85760 85863
85864 85921
85922 85973
85974 86043
86044 86215
86216 86236
86237 86268
86269 86337
86338 86417
86418 86527
86528 86590
86591 86737
86738 86871
86872 86997
86998 87090
87091 87158
87159 87202
87203 87230
87231 87270
87271 87329
87330 87396
87397 87433
87434 87486
87487 87573
87574 87723
87724 87787
87788 87799
87800 87886
87887 87968
87969 87988
87989 88033
88034 88054
88055 88072
88073 88088
88089 88264
88265 88290
88291 88370
88371 88411
88412 88446
88447 88485
88486 88527
88528 88580
88581 88638
88639 88681
88682 88738
88739 88836
88837 88897
88898 88936
88937 89060
89061 89099
89100 89151
89152 89188
89189 89242
89243 89283
89284 89354
89355 89398
89399 89689
89690 89849
89850 89905
89906 89990
89991 90030
90031 90081
90082 90182
90183 90238
90239 90903
90904 90959
90960 91009
91010 91083
91084 91137
91138 91209
91210 91304
91305 91343
91344 91404
91405 91490
91491 91543
91544 91602
91603 91673
91674 91756
91757 91820
91821 91905
91906 92065
92066 92145
92146 92177
92178 92236
92237 92323
92324 92565
92566 92763
92764 92803
92804 92805
92806 92914
92915 93016
93017 93064
93065 93118
93119 93194
93195 93296
93297 93346
93347 93438
93439 93440
93441 93532
93533 93603
93604 93692
93693 93739
93740 93804
93805 93917
93918 94018
94019 94113
94114 94192
94193 94259
94260 94373
94374 94595
94596 94669
94670 94726
94727 94819
94820 94873
94874 95068
95069 95167
95168 95231
95232 95313
95314 95343
95344 95421
95422 95470
95471 95503
95504 95570
95571 95610
95611 95648
95649 95678
95679 95770
95771 95821
95822 95913
95914 95990
95991 96025
96026 96065
96066 96084
96085 96092
96093 96111
96112 96123
96124 96137
96138 96165
96166 96180
96181 96205
96206 96232
96233 96262
96263 96284
96285 96306
96307 96348
96349 96364
96365 96381
96382 96406
96407 96429
96430 96450
96451 96461
96462 96503
96504 96512
96513 96529
96530 96541
96542 96550
96551 96571
96572 96606
96607 96627
96628 96637
96638 96650
96651 96666
96667 96695
96696 96743
96744 96800
96801 96907
96908 96926
96927 96939
96940 97026
97027 97043
97044 97067
97068 97093
97094 97134
97135 97150
97151 97165
97166 97211
97212 97264
97265 97281
97282 97316
97317 97369
97370 97423
97424 97490
97491 97510
97511 97535
97536 97558
97559 97577
97578 97604
97605 97621
97622 97640
97641 97665
97666 97690
97691 97702
97703 97726
97727 97739
97740 97793
97794 97830
97831 97850
97851 97881
97882 97904
97905 97939
97940 97959
97960 98021
98022 98037
98038 98084
98085 98111
98112 98138
98139 98151
98152 98181
98182 98202
98203 98231
98232 98258
98259 98277
98278 98405
98406 98425
98426 98439
98440 98462
98463 98474
98475 98482
98483 98526
98527 98551
98552 98599
98600 98822
98823 98850
98851 98896
98897 98915
98916 98939
98940 99052
99053 99075
99076 99119
99120 99139
99140 99157
99158 99169
99170 99198
99199 99217
99218 99245
99246 99269
99270 99374
99375 99426
99427 99444
99445 99458
99459 99478
99479 99492
99493 99521
99522 99541
99542 99576
99577 99591
99592 99615
99616 99637
99638 99669
99670 99681
99682 99721
99722 99743
99744 99758
99759 99771
99772 99782
99783 99808
99809 99820
99821 99835
99836 99852
99853 99871
99872 99924
99925 99937
99938 99949
99950 99971
99972 100036
100037 100051
100052 100146
100147 100162
100163 100229
100230 100272
100273 100311
100312 100358
100359 100378
100379 100420
100421 100445
100446 100580
100581 100639
100640 100856
100857 100968
100969 101198
101199 101384
101385 101448
101449 101474
101475 101515
101516 101558
101559 101582
101583 101699
101700 101840
101841 101891
101892 102098
102099 102218
102219 102550
102551 102636
102637 102826
102827 102929
102930 102967
102968 103134
103135 103355
103356 103511
103512 103590
103591 103704
103705 103840
103842 103890
103891 103987
103988 104127
104128 104176
104177 104271
104272 104466
104467 104640
104641 104813
104814 104857
104858 104888
104889 104913
104914 104940
104941 104970
104971 104991
104992 105814
105815 105837
105838 105856
105857 105875
105876 105981
105982 106014
106015 106123
106124 106210
106211 106715
106716 106816
106817 106905
106906 107007
107008 107091
107092 107168
107169 107194
107195 107329
107330 107361
107362 107390
107391 107462
107463 107486
107487 107524
107525 107596
107597 107639
107640 107692
107693 107724
107725 107749
107750 107795
107796 107835
107836 107941
107942 107963
107964 107981
107982 108033
108034 108069
108070 108124
108125 108148
108149 108207
108208 108256
108257 108357
108358 108399
108400 108460
108461 108491
108492 108540
108541 108645
108646 108674
108675 108720
108721 108764
108765 108785
108786 108831
108832 108854
108855 108920
108921 109225
109227 109566
109567 109663
109664 109736
109737 109811
109812 109938
109939 110256
110257 110294
110295 110401
110402 110631
110632 110710
110711 110790
110791 110973
110974 111295
111296 111417
111418 111592
111595 111715
111716 111810
111811 112012
112013 112192
112193 112318
112319 112402
112403 112445
112446 112501
112502 112552
112553 112630
112631 112794
112795 112865
112866 112974
112975 113033
113034 113146
113147 113215
113216 113241
113242 113323
113324 113392
113393 113428
113429 113551
113552 113605
113606 113644
113645 113748
113749 113818
113819 113938
113939 114025
114026 114110
114111 114257
114258 114331
114332 114402
114403 114469
114470 114497
114498 114671
114672 114931
114932 114967
114968 114989
114990 115033
115034 115075
115076 115093
115094 115113
115114 115149
115150 115180
115181 115208
115209 115246
115247 115289
115290 115333
115334 115401
115402 115479
115480 115502
115503 115511
115512 115518
115519 115573
115574 115599
115600 115635
115636 115686
115687 115721
115722 115743
115744 115757
115758 116060
116061 116157
116158 116209
116210 116260
116261 116508
116509 116553
116554 116623
116624 116678
116679 116774
116775 116931
116932 116990
116991 117202
117203 117693
117694 117841
117842 117887
117888 118116
118117 118264
118265 118304
118305 118411
118412 118590
118591 118743
118744 118793
118794 118860
118861 118902
118903 118965
118966 119021
119022 119054
119055 119095
119096 119155
119156 119331
119332 119359
119360 119388
119389 119408
119409 119434
119435 119457
119458 119470
119471 119507
119508 119537
119538 119593
119594 119629
119630 119691
119692 119765
119766 119791
119792 119872
119873 119895
119896 119942
119943 119980
119981 120004
120005 120032
120033 120118
120119 120159
120160 120196
120197 120223
120224 120242
120243 120264
120265 120325
120326 120354
120355 120430
120431 120538
120539 120751
120752 120839
120840 120865
120866 120897
120898 120950
120951 120973
120974 121029
121030 121104
121105 121183
121184 121277
121278 121344
121345 121365
121366 121423
121424 121517
121518 121754
121755 121821
121822 121867
121868 121880
121881 121892
121893 121923
121924 121989
121990 122014
122015 122082
122083 122114
122115 122130
122131 122148
122149 122195
122196 122213
122214 122237
122238 122250
122251 122279
122280 122324
122325 122393
122394 122603
122604 122668
122669 122721
122722 122746
122747 122812
122813 123053
123054 123141
123142 123212
123213 123339
123340 123388
123389 123422
123423 123541
123542 123642
123643 123677
123678 123725
123726 123783
123784 123807
123808 123909
123910 124029
124030 124046
124047 124209
124210 124364
124365 124439
124440 124476
124477 124533
124534 124602
124603 124632
124633 124667
124668 124690
124691 124737
124738 124780
124781 124913
124914 124949
124950 125123
125124 125169
125170 125359
125360 125407
125408 125494
125495 125712
125713 125768
125769 125882
125883 125935
125936 125971
125972 126061
126062 126137
126138 126184
126185 126272
126273 126332
126333 126408
126409 126497
126498 126579
126580 126707
126708 126802
126803 126844
126845 126919
126920 126947
126948 127019
127020 127061
127062 127118
127119 127216
127217 127297
127298 127370
127371 127405
127406 127511
127512 127536
127537 127658
127659 127707
127708 127732
127733 127762
127763 127914
127915 128023
128024 128129
128130 128229
128230 128269
128270 128441
128442 128476
128477 128634
128635 128664
128665 128724
128725 128773
128774 128830
128831 128902
128903 128973
128974 128995
128996 129049
129050 129089
129090 129113
129114 129208
129209 129253
129254 129344
129345 129559
129560 129595
129596 129731
129732 129814
129815 129994
129995 130031
130032 130081
130082 130134
130135 130242
130243 130275
130276 130410
130411 130468
130470 130546
130547 130616
130617 130691
130692 130758
130759 130823
130824 130861
130862 130926
130927 130972
130973 131002
131003 131014
131015 131131
131132 131165
131166 131495
131496 131540
131541 131591
131592 131645
131646 132007
132008 132954
132957 133058
133059 133216
133217 133275
133276 133338
133339 133479
133480 133514
133515 133780
133781 133838
133839 133889
133890 133939
133940 134017
134018 134118
134119 134204
134205 134333
134334 134403
134404 134433
134434 134509
134510 134557
134558 134711
134712 134754
134755 134808
134809 134861
134862 134889
134890 134998
134999 135107
135108 135182
135183 135292
135293 135472
135473 135705
135706 136128
136129 136475
136476 136712
136713 136920
136921 137034
137035 137156
137157 137250
137251 137490
137491 137561
137562 137625
137626 137663
137664 137682
137683 137737
137738 137775
137776 137900
137901 137979
137980 138423
138424 138480
138481 138599
138600 138702
138703 138762
138763 138789
138790 138858
138859 138882
138883 138933
138934 139056
139057 139123
139124 139214
139215 139422
139423 139577
139578 139906
139907 139979
139980 140076
140077 140211
140212 140282
140284 140397
140398 140493
140494 140747
140748 140844
140845 140907
140908 141026
141027 141189
141190 141245
141246 141313
141314 141663
141664 141716
141717 141792
141793 141857
141858 142089
142090 142153
142154 142309
142310 143285
143286 144130
144131 144162
144163 144229
144230 144407
144408 144647
144648 144671
144672 144729
144730 144759
144760 144799
144800 144831
144832 144845
144846 144882
144883 145019
145020 145072
145073 145095
145096 145118
145119 145174
145175 145222
145223 145335
145336 145581
145582 145753
145754 145832
145833 146013
146014 146183
146184 146232
146233 146307
146308 146373
146374 146420
146421 146440
146441 146507
146508 146528
146529 146561
146562 146782
146783 146849
146850 146980
146981 147057
147058 147165
147166 147217
147218 147268
147269 147372
147373 147427
147428 147654
147655 147720
147721 147794
147795 147821
147822 147882
147883 147909
147910 147929
147930 147995
147996 148025
148026 148097
148098 148215
148216 148264
148265 148303
148304 148439
148440 148507
148508 148582
148583 148606
148607 148616
148617 148650
148651 148716
148717 148875
148876 148949
148950 148992
148993 149068
149069 149101
149102 149165
149166 149182
149183 149198
149199 149293
149294 149315
149316 149382
149383 149588
149589 149666
149667 149689
149690 149710
149711 149824
149825 149890
149891 150008
150009 150025
150026 150051
150052 150095
150096 150120
150121 150215
150216 150341
150342 150465
150466 150550
150551 150581
150582 150602
150603 150633
150634 150713
150714 150766
150767 150793
150794 150856
150857 150875
150876 150924
150925 150974
150975 151014
151015 151048
151049 151065
151066 151083
151084 151249
151250 151298
151299 151335
151336 151353
151354 151426
151427 151464
151465 151479
151480 151530
151531 151536
151538 151574
151575 151640
151641 151683
151684 151736
151737 151792
151793 151830
151831 151894
151895 151964
151965 152004
152005 152082
152083 152098
152099 152151
152152 152190
152191 152420
152421 152469
152470 152485
152486 152516
152517 152564
152565 152593
152594 152601
152602 152613
152614 152629
152630 152661
152662 152759
152760 152789
152790 152811
152812 152848
152849 152866
152867 152923
152924 153070
153071 153126
153127 153178
153179 153268
153269 153395
153396 153479
153480 153556
153557 153733
153734 153838
153839 153990
153991 154015
154016 154035
154036 154068
154069 154114
154115 154146
154147 154188
154189 154207
154208 154227
154228 154257
154258 154280
154281 154292
154293 154304
154305 154313
154314 154343
154344 154394
154395 154412
154413 154432
154433 154450
154451 154500
154501 154552
154553 154878
154879 154888
154889 154905
154906 154968
154969 155042
155043 155064
155065 155104
155105 155115
155116 155156
155157 155194
155195 155207
155208 155271
155272 155297
155298 155354
155355 155455
155456 155523
155524 155632
155633 155734
155735 155785
155786 155857
155858 155909
155910 156039
156040 156230
156231 156332
156333 156471
156472 156587
156588 156728
156729 156876
156877 157051
157052 157121
157122 157164
157165 157184
157185 157214
157215 157235
157236 157246
157247 157274
157275 157283
157284 157295
157296 157306
157307 157318
157319 157355
157356 157428
157429 157589
157590 157658
157659 157801
157802 158329
158330 158421
158422 158512
158513 158578
158579 158656
158657 158705
158706 159027
159028 159518
159519 159720
159721 159787
159788 159883
159884 160066
160067 160151
160152 160279
160280 160402
160403 160750
160751 160836
160837 160887
160888 160967
160968 161038
161039 161162
161163 161222
161223 161334
161335 161421
161422 161611
161612 161768
161769 161837
161838 161911
161912 162047
162048 162196
162197 162633
162634 162779
162780 162887
162888 162959
162960 163130
163131 163408
163409 163501
163502 163673
163674 163781
163782 163966
163967 164155
164156 164270
164271 164417
164418 164535
164536 164719
164720 164902
164903 165024
165025 165075
165076 165136
165137 165228
165229 165382
165383 174360
