43195 43265
43266 43456
43484 43564
43565 43631
43632 43712
43713 43771
43772 43837
43838 44109
44110 44285
44286 44605
44606 44791
44792 44847
44848 45096
45097 45162
45163 45254
45255 45309
45357 45417
45418 45546
45547 45607
45608 45926
45927 46151
46152 46232
46233 46380
46415 46498
46535 46607
46608 47038
47039 47485
47486 47600
47631 47771
47772 47851
48083 48143
48172 48504
48505 48598
48599 48668
48669 48770
48771 48885
48886 48943
48944 49032
49033 49223
49224 49375
49376 49444
49445 49550
49551 49688
49689 49752
49753 49943
49944 50060
50061 50140
50141 50213
50214 50314
50315 50374
50375 50481
50482 50543
50544 50763
50764 50881
50882 51118
51119 51221
51222 51282
51283 51425
51426 51578
51579 51646
51647 51701
51702 51787
51788 51895
51896 51979
51980 52096
52097 52178
52179 52242
52243 52366
52367 52577
52578 52645
52697 52780
52781 52899
53258 53313
53466 53530
53603 53680
53681 53741
53742 53830
53873 53948
53949 54003
54004 54062
54063 54170
54171 54235
54286 54799
54841 54997
55085 55224
55274 55393
55430 55622
55623 55859
55860 56035
56036 56118
56119 56223
56224 56283
56523 56580
56637 56733
56734 56794
56795 56886
56932 56996
57248 57318
57368 57482
57483 57534
57535 57592
57749 57862
57886 57984
58108 58175
58563 58643
58644 58731
58783 58864
58912 59024
59056 59141
59247 59352
59386 59473
59558 59949
59950 60012
60058 60600
60601 60685
60686 60775
60776 60869
60870 60924
60960 61072
61157 61237
61289 61340
61358 61492
61493 61580
61581 61696
61697 61759
61760 61904
61905 62190
62234 62342
62343 62427
62508 62607
62608 62801
62802 62903
62904 63218
63219 63304
63305 63387
63388 63552
63553 63651
63652 63735
63736 63787
63788 64182
64256 65347
65376 65431
65432 66065
66066 66404
66441 66533
66534 66804
66805 66952
67028 67160
67205 67257
67258 67380
67381 67490
67541 67626
67627 67684
67685 67771
67772 67848
67849 67967
67968 68200
68201 68371
68419 68695
68696 68845
68876 69006
69007 69093
69123 69310
69311 69707
69894 69952
70009 70103
70104 70184
70185 70269
70270 70384
70427 72239
72240 72296
72297 72381
72382 72478
72479 72560
72561 72627
72628 72691
72729 72921
72941 73126
73127 73395
73396 73457
73500 73692
73740 73802
73803 73871
73872 74063
74064 74232
74233 74312
74313 74451
74452 74520
74521 74585
74586 74646
74647 74707
74708 75035
75036 75155
75156 75368
75369 75458
75459 77668
77669 77818
77819 77920
77921 78043
78044 78212
78213 78472
78473 78534
78535 78604
78605 78666
78667 78727
78728 78922
78923 79097
79098 79192
79193 79343
79344 79517
79518 79587
79588 79714
79824 79956
79957 80010
80011 80344
80345 80536
80537 80632
80633 80684
80710 80801
80825 80881
80882 81007
81008 81104
81129 81199
81243 81298
81299 81402
81403 81514
81549 81640
81641 81787
81788 81849
81850 82030
82078 82220
82221 82502
82503 82710
82711 82763
82764 82868
82957 83059
83060 83132
83133 83193
83194 83260
83261 83357
83358 83437
83478 83578
83579 83734
83735 83796
83797 83871
83872 83955
84000 84110
84111 84262
84263 84373
84374 84456
84457 84522
84523 84599
84641 84693
84694 84790
84858 84951
84952 85097
85098 85262
85263 85458
85459 85648
85649 85722
85760 85863
85864 85921
85922 85973
85974 86043
86044 86215
86269 86337
86338 86417
86418 86527
86528 86590
86591 86737
86738 86871
86872 86997
86998 87090
87091 87158
87271 87329
87330 87396
87434 87486
87487 87573
87574 87799
87800 87886
87887 87968
88073 88264
88291 88370
88528 88580
88581 88638
88682 88738
88739 88836
88837 88897
88937 89060
89100 89151
89189 89242
89284 89354
89399 89689
89690 89849
89850 89905
89906 89990
90082 90182
90183 90238
90239 90903
90904 90959
91010 91083
91084 91137
91138 91209
91210 91304
91344 91404
91405 91490
91491 91543
91544 91602
91603 91673
91674 91756
91757 91820
91821 91905
91906 92065
92066 92145
92178 92236
92237 92323
92324 92565
92566 92763
92806 92914
92915 93064
93065 93118
93119 93194
93195 93296
93347 93438
93441 93532
93533 93603
93604 93692
93740 93804
93805 93917
93918 94018
94019 94113
94114 94192
94193 94259
94260 94373
94374 94595
94596 94669
94670 94726
94727 94819
94820 94873
94874 95068
95069 95167
95168 95231
95232 95313
95344 95421
95504 95570
95679 95770
95822 95913
95914 95990
96233 96306
96551 96606
96744 96907
96940 97026
97212 97316
97317 97369
97370 97423
97424 97490
97740 97793
97960 98021
98278 98405
98463 98526
98527 98599
98600 98850
98851 98939
98940 99052
99270 99374
99375 99426
99427 99478
99772 99835
99872 99924
99972 100036
100052 100146
100163 100229
100446 100580
100581 100639
100640 100856
100857 100968
100969 101198
101199 101384
101385 101448
101583 101699
101700 101840
101892 102098
102099 102218
102219 102550
102551 102636
102637 102826
102827 102929
102968 103134
103135 103355
103356 103511
103512 103590
103591 103704
103705 103987
103988 104127
104177 104271
104272 104466
104467 104640
104641 104813
104992 105814
105876 105981
106015 106123
106124 106210
106211 106715
106716 106816
106817 106905
106906 107007
107008 107091
107092 107168
107195 107329
107391 107462
107525 107596
107640 107692
107836 107941
107982 108033
108070 108124
108149 108207
108257 108357
108400 108460
108541 108645
108855 108920
108921 109566
109567 109663
109664 109736
109737 109811
109812 109938
109939 110256
110295 110401
110402 110631
110632 110710
110711 110790
110791 110973
110974 111295
111296 111417
111418 111810
111811 112012
112013 112318
112319 112402
112446 112501
112553 112630
112631 112794
112795 112865
112866 112974
112975 113033
113034 113146
113147 113215
113242 113323
113324 113392
113429 113551
113552 113605
113645 113748
113749 113818
113819 113938
113939 114025
114026 114110
114111 114257
114258 114331
114332 114469
114498 114671
114672 114931
114932 114989
115334 115401
115402 115479
115519 115599
115636 115721
115758 116060
116061 116157
116158 116209
116261 116508
116554 116623
116624 116678
116679 116774
116775 116931
116932 116990
116991 117202
117203 117693
117694 117841
117888 118116
118117 118264
118305 118411
118412 118590
118591 118743
118794 118860
118903 118965
118966 119021
119096 119155
119156 119331
119332 119388
119538 119593
119630 119691
119692 119765
119792 119872
120033 120118
120265 120325
120355 120538
120539 120865
120866 120950
120974 121029
121030 121104
121105 121183
121184 121277
121278 121344
121366 121423
121424 121867
121868 121923
121924 121989
121990 122082
122149 122213
122214 122279
122325 122393
122394 122603
122604 122668
122669 122721
122747 122812
122813 123053
123054 123141
123142 123212
123213 123339
123423 123541
123542 123642
123726 123783
123808 123909
123910 124029
124047 124209
124210 124364
124365 124439
124477 124533
124534 124602
124781 124913
124950 125123
125170 125359
125408 125494
125495 125712
125713 125768
125769 125882
125883 125935
125972 126061
126062 126137
126185 126272
126273 126332
126333 126408
126409 126497
126498 126579
126580 126707
126708 126802
126845 126919
126948 127019
127062 127118
127119 127216
127217 127297
127298 127370
127406 127511
127537 127658
127763 127914
127915 128023
128024 128129
128130 128229
128270 128441
128477 128634
128665 128724
128774 128830
128831 128902
128903 128973
128996 129049
129114 129208
129254 129344
129345 129559
129596 129731
129732 129814
129815 129994
130082 130134
130135 130242
130276 130410
130411 130469
130470 130616
130617 130691
130692 130758
130759 130823
130862 130926
131015 131131
